25,1
25,3
3,2
3,1
3,3
10,246
10,194
10,140
10,78
10,124
10,22
10,274
10,1
10,188
10,2
10,3
11,14
11,28
11,26
11,4
11,6
11,18
11,1
11,24
11,2
11,3
9,7
9,6
9,1
9,4
9,2
9,3
8,9
8,17
8,16
8,13
8,6
8,1
8,15
8,2
8,3
12,2
12,1
12,3
20,2
20,1
20,3
19,2
19,1
19,3
48,4
48,3
48,2
48,1
48,0
47,3
47,2
47,1
47,0
46,3
18,1
46,2
18,3
46,1
46,0
45,5
45,4
45,3
45,2
14,1
45,1
14,3
45,0
13,1
44,4
13,3
44,3
44,2
44,1
44,0
42,5
42,4
42,3
42,2
42,1
42,0
39,5
39,4
39,3
39,2
39,1
39,0
37,5
37,4
37,3
2,2
37,2
2,1
37,1
2,3
37,0
35,5
